238,230,148,169,0
228,234,0,0,169
