0,184,169,0
138,246,0,169
